4294967279,77
4294967279,75
4294967279,417
4294967279,404
4294967279,416
4294967279,166
4294967279,165
4294967279,72
4294967279,71
4294967279,70
4294967279,69
4294967279,68
4294967279,66
4294967279,65
4294967279,451
299,6
299,5
4294967279,157
4294967279,156
4294967279,155
4294967279,384
4294967279,401
4294967279,423
4294967279,149
4294967279,147
4294967278,346
4294967279,61
4294967279,60
4294967279,59
4294967279,58
4294967279,57
4294967279,55
4294967279,54
299,1
4294967279,422
4294967279,143
4294967279,457
4294967279,141
4294967279,445
4294967279,474
4294967279,135
409,4
515,2
4294967279,134
352,4
345,6
4294967279,295
4294967279,51
4294967279,49
4294967279,48
4294967279,47
4294967279,44
4294967279,41
4294967279,40
4294967279,39
4294967294,1460
4294967294,485
4294967294,1471
4294967294,1600
467,4
466,4
4294967294,480
4294967294,1039
4294967294,1439
4294967294,1440
4294967294,479
4294967294,1455
4294967294,1038
4294967279,268
293,5
423,9
423,8
423,4
406,5
4294967279,267
4294967294,1606
4294967294,1465
4294967294,1569
4294967294,494
4294967279,293
4294967279,291
4294967279,284
4294967279,264
4294967279,490
4294967279,410
4294967279,36
4294967279,33
4294967279,32
4294967279,30
4294967279,29
4294967279,27
4294967279,26
4294967279,23
4294967279,22
4294967279,21
4294967279,19
4294967279,16
4294967279,15
4294967279,14
4294967279,13
4294967279,12
4294967279,11
249,6
4294967279,391
4294967279,259
4294967294,1609
4294967294,1572
4294967294,99
4294967294,41
4294967294,187
4294967294,1461
4294967294,1453
4294967294,487
4294967294,1454
4294967278,305
330,6
4294967278,303
330,5
4294967278,302
4294967278,301
4294967278,254
4294967278,300
349,6
4294967278,248
4294967278,245
4294967278,243
4294967278,241
4294967278,239
4294967278,231
4294967278,227
4294967278,225
4294967278,223
4294967278,221
4294967278,219
4294967278,217
4294967278,215
4294967278,214
249,11
4294967278,213
4294967278,391
283,7
283,6
4294967278,211
547,4
547,3
547,2
547,1
4294967278,210
4294967278,209
546,4
4294967278,208
546,3
546,2
546,1
4294967278,207
4294967294,43
4294967278,206
545,4
545,3
545,2
545,1
4294967278,205
4294967294,44
4294967294,107
4294967278,204
4294967294,1577
544,4
4294967278,203
544,3
544,2
544,1
4294967294,45
4294967294,1567
4294967294,51
4294967294,988
4294967294,498
4294967294,92
4294967294,90
4294967294,88
4294967294,86
4294967294,85
4294967294,1538
4294967294,84
4294967278,202
4294967294,82
4294967294,1554
4294967278,200
463,4
395,5
317,4
271,6
418,7
481,4
480,4
484,5
333,4
396,6
418,4
418,9
419,5
418,14
418,10
418,12
273,4
479,4
478,4
237,7
237,6
237,4
295,5
322,5
322,4
254,5
253,4
300,4
251,5
308,4
510,4
385,5
425,9
332,4
387,4
384,4
320,4
318,4
314,4
318,5
316,5
259,5
379,4
393,4
447,4
446,4
448,4
448,5
449,4
396,4
385,4
334,4
332,5
247,6
418,6
418,5
425,4
425,5
341,4
397,4
397,5
394,4
305,6
425,6
394,5
259,4
452,5
4294967294,1549
4294967294,491
4294967294,1040
236,5
378,7
298,4
323,4
349,1
4294967278,420
354,4
4294967278,298
249,4
4294967278,348
4294967279,397
4294967278,388
4294967278,356
4294967278,288
4294967294,1441
4294967278,317
4294967278,337
4294967278,279
4294967294,8
249,1
4294967294,2
4294967294,1565
4294967294,1456
4294967294,1041
4294967294,1566
4294967294,6
4294967278,328
4294967278,327
331,1
4294967278,419
4294967279,395
4294967278,418
249,10
442,5
4294967294,81
4294967279,159
4294967294,1563
4294967279,446
4294967294,1537
4294967279,153
4294967279,414
4294967294,388
4294967294,168
4294967294,115
4294967294,52
4294967294,161
4294967294,1023
4294967294,83
4294967294,91
4294967294,87
4294967294,1
4294967294,26
4294967294,1457
4294967294,29
4294967294,1022
4294967294,28
4294967294,1536
4294967294,27
4294967294,1571
4294967294,1551
4294967294,9
4294967294,1605
4294967294,1548
4294967294,1546
4294967294,495
330,1
4294967279,475
353,5
353,4
4294967279,300
4294967294,1429
4294967294,22
4294967294,415
4294967294,25
4294967294,471
4294967294,473
4294967294,1435
249,12
4294967278,417
4294967279,392
283,4
412,4
414,4
413,4
338,6
241,4
338,4
414,5
283,15
283,14
283,12
283,10
283,9
286,4
337,4
328,21
328,19
328,16
328,14
328,13
328,9
328,8
328,4
294,6
294,4
293,4
274,4
272,4
270,4
243,1
4294967294,1561
4294967294,1570
4294967294,492
4294967294,1575
245,6
249,8
315,5
349,5
331,4
296,5
330,4
328,12
328,20
328,5
357,5
348,4
296,4
4294967279,289
283,5
349,4
311,4
4294967294,1541
289,2
4294967279,275
4294967279,260
4294967294,1426
4294967279,274
257,14
257,12
257,11
257,10
257,9
257,8
257,7
257,6
257,5
257,2
257,4
4294967279,436
533,7
533,6
533,5
533,2
533,4
4294967294,1607
534,5
534,2
534,4
4294967278,132
4294967278,130
4294967278,128
4294967278,127
4294967278,126
4294967278,123
4294967278,122
4294967278,120
4294967278,118
4294967278,117
4294967278,116
4294967278,113
4294967278,112
4294967278,110
4294967278,108
4294967278,107
4294967278,106
4294967278,220
4294967278,105
4294967278,218
4294967278,104
4294967278,103
4294967278,102
4294967278,380
4294967278,101
4294967278,100
4294967278,390
4294967278,99
4294967278,407
4294967278,98
4294967278,97
4294967278,96
4294967278,299
4294967278,95
4294967278,349
4294967278,94
4294967278,331
4294967278,93
4294967278,92
4294967278,91
4294967278,319
4294967278,90
4294967278,89
4294967278,379
4294967278,87
4294967278,318
4294967278,86
4294967278,85
4294967278,84
4294967278,83
4294967278,398
4294967278,82
4294967278,358
